積分区間は０～0.5です。
刻み幅hは0.1です。
入力された値は以下の通りです。
積分区間は[0.000000,0.500000]
h=0.100000
n=5
x_0=0.000000 y[1]=0.000000 y[2]=0.000000
y1=0.000326 y2=0.006291
n=1  x=0.100000  y[1]=0.000326 y[2]=0.006291
y1=0.001212 y2=0.011184
n=2  x=0.200000  y[1]=0.001212 y[2]=0.011184
y1=0.002517 y2=0.014680
n=3  x=0.300000  y[1]=0.002517 y[2]=0.014680
y1=0.004101 y2=0.016777
n=4  x=0.400000  y[1]=0.004101 y[2]=0.016777
y1=0.005825 y2=0.017476
n=5  x=0.500000  y[1]=0.005825 y[2]=0.017476
