x[0]=0.000000
y[0]=50.000000
x[1]=0.100000
y[1]=49.539530
x[2]=0.200000
y[2]=49.352960
x[3]=0.300000
y[3]=49.426790
x[4]=0.400000
y[4]=49.742720
x[5]=0.500000
y[5]=50.281250
x[6]=0.600000
y[6]=51.025280
x[7]=0.700000
y[7]=51.963710
x[8]=0.800000
y[8]=53.095040
x[9]=0.900000
y[9]=54.430970
x[10]=1.000000
y[10]=56.000000
x[11]=1.100000
y[11]=57.851030
x[12]=1.200000
y[12]=60.056960
x[13]=1.300000
y[13]=62.718290
x[14]=1.400000
y[14]=65.966720
x[15]=1.500000
y[15]=69.968750
x[16]=1.600000
y[16]=74.929280
x[17]=1.700000
y[17]=81.095210
x[18]=1.800000
y[18]=88.759040
x[19]=1.900000
y[19]=98.262470
x[20]=2.000000
y[20]=110.000000
